50
57
28 47 50 34 52 15 1 40 46 25 26 12 48 3 53 23 11 16 49 22 32 41 6 42 57 37 14 4 30 10 19 2 33 29 43 21 17 20 39 35 55 36 44 5 24 27 54 8 13 31 38 56 7 9 18 51 45
3
33 14 132 167
52 24 41 118
34 15 185 30
25
1 3 2 13 7 18 20 10 17 12 15 14 11 24 23 4 21 25 19 8 9 16 6 5 22
3
16 9 155 87
15 4 134 72
24 5 12 55
36
12 10 16 15 5 19 18 25 1 30 21 36 35 20 13 4 27 8 14 11 33 7 32 23 22 28 2 9 6 24 29 17 31 34 26 3
5
9 3 164 43
16 7 63 89
11 13 168 94
1 11 106 109
7 32 63 102
77
17 77 10 38 51 31 4 22 33 68 15 54 58 66 60 49 64 24 53 73 36 62 56 28 27 1 74 21 5 32 63 9 20 47 29 57 67 71 6 2 45 3 37 44 34 40 76 7 46 69 61 55 19 41 35 42 23 16 12 43 13 26 30 52 14 18 11 59 25 39 75 8 72 48 50 65 70
1
44 64 115 57
81
44 29 46 6 72 18 50 21 76 53 35 48 37 15 11 13 68 27 1 54 5 14 69 3 23 43 17 31 42 19 75 12 10 59 64 70 56 39 24 52 49 16 40 61 66 25 45 36 57 34 51 55 33 71 78 26 47 62 60 20 41 7 77 9 38 30 58 22 73 67 79 2 32 8 28 63 65 81 4 80 74
1
50 29 131 101
90
12 47 80 67 49 70 3 36 15 5 59 61 68 85 9 18 60 53 63 73 4 74 90 57 38 24 7 31 54 28 30 13 46 40 78 43 19 45 75 87 81 29 32 84 2 23 10 22 27 89 77 6 62 66 48 88 51 69 52 56 37 42 14 16 1 20 79 50 55 35 58 26 64 86 41 44 83 33 11 8 34 39 71 21 25 65 76 17 82 72
4
24 2 57 28
49 59 82 147
5 80 187 8
85 22 48 84
28
18 4 15 13 11 24 27 17 5 7 25 12 14 8 21 26 16 20 10 9 23 3 19 28 2 22 6 1
4
21 15 178 74
22 28 50 104
20 11 115 192
3 3 53 6
41
19 13 7 38 36 23 37 31 27 33 29 21 2 18 26 16 24 15 25 22 35 20 3 9 32 14 1 11 40 5 28 4 6 8 12 34 30 10 39 41 17
2
19 28 18 89
16 6 136 64
14
2 12 7 4 3 6 14 8 13 9 1 5 10 11
2
3 9 73 103
3 14 193 90
89
68 51 13 19 48 78 7 74 38 22 26 29 31 39 67 64 87 85 43 16 50 73 60 45 24 27 49 9 82 44 40 56 52 83 63 84 12 36 21 86 11 1 47 15 55 80 70 5 2 8 58 88 53 59 35 42 32 34 4 46 71 65 77 33 25 28 57 41 14 61 89 72 62 66 81 76 20 10 69 30 37 6 54 23 79 75 18 17 3
1
55 59 33 46
92
75 6 90 21 16 42 43 56 78 79 68 85 20 88 47 14 25 5 83 45 89 53 63 74 91 52 44 65 67 29 41 8 9 18 37 35 59 49 40 69 34 84 17 87 92 22 55 13 3 15 70 46 72 58 4 30 62 33 77 11 19 31 64 1 60 26 32 66 48 80 86 76 36 28 12 50 24 73 71 81 23 39 51 27 7 2 57 82 10 54 61 38
3
79 53 135 159
41 89 160 154
3 54 16 19
48
24 40 18 2 5 11 23 15 4 20 48 6 29 12 14 31 33 27 39 3 10 25 32 26 36 38 21 9 43 16 1 46 28 34 35 41 44 30 37 8 45 13 42 19 7 22 47 17
3
33 9 184 192
17 36 3 150
1 17 66 37
11
6 1 7 2 10 5 4 9 3 8 11
4
10 1 47 110
5 3 18 131
1 8 121 36
5 5 183 10
58
53 10 26 56 11 33 9 32 7 4 44 48 5 30 25 38 24 51 47 18 40 3 31 39 27 28 43 14 42 29 1 50 49 8 23 54 46 19 37 36 16 55 15 34 22 21 12 6 2 52 13 35 20 58 41 45 57 17
5
51 58 27 102
26 6 166 64
9 27 189 87
1 50 128 139
39 29 79 68
13
7 4 8 1 5 10 13 3 6 11 9 12 2
2
12 13 31 23
13 10 105 75
29
4 1 20 10 8 28 29 19 22 12 13 26 27 18 25 16 24 6 11 7 15 14 5 23 17 9 3 21 2
1
16 10 22 5
36
17 28 32 16 22 19 21 1 26 24 5 13 36 34 8 9 6 2 20 14 27 30 33 23 3 4 15 12 29 18 25 10 35 31 7 11
1
35 10 180 193
3
3 1 2
5
2 1 71 137
3 3 46 18
1 1 46 74
3 1 161 1
2 3 196 12
45
17 31 22 37 1 33 35 5 42 14 38 12 11 45 19 29 8 44 9 2 16 4 30 21 39 26 23 28 40 43 10 15 27 32 3 6 7 25 36 13 41 34 24 20 18
4
37 37 47 66
27 30 163 128
16 2 34 86
30 38 164 119
27
20 26 3 12 16 24 15 18 22 10 8 14 11 1 9 27 5 6 13 17 7 2 21 19 4 23 25
4
4 5 7 187
24 6 48 145
5 10 34 153
24 1 129 173
15
10 4 5 15 12 14 9 6 8 7 11 1 2 13 3
4
10 4 147 7
5 8 64 118
13 14 99 44
14 8 90 70
7
5 2 6 7 4 1 3
3
1 2 199 125
4 6 76 44
7 1 138 65
61
10 14 17 49 51 24 33 61 44 15 6 47 22 32 7 25 54 9 55 18 50 27 5 48 39 52 41 26 19 59 45 46 38 53 28 56 4 8 11 37 60 3 58 16 29 36 30 2 42 43 12 20 23 31 40 34 35 13 57 1 21
4
46 58 71 193
5 44 182 129
28 56 97 32
27 24 145 34
89
38 37 25 79 61 69 19 9 67 34 64 51 35 31 82 7 84 54 87 50 88 33 76 73 12 46 74 32 28 22 13 52 77 18 44 71 59 26 86 70 16 49 14 58 78 43 55 29 83 80 65 27 24 40 57 89 6 36 4 62 15 60 1 39 11 3 72 8 53 10 41 5 63 85 56 30 42 75 48 21 81 68 45 47 66 17 2 23 20
1
11 41 197 44
42
26 13 40 8 16 19 24 32 17 3 36 12 35 11 42 9 21 37 4 27 20 2 7 31 23 22 29 18 38 5 41 15 33 34 10 14 30 28 1 6 25 39
3
6 12 58 15
20 20 197 137
4 31 186 148
89
17 6 86 13 65 67 56 16 62 41 83 33 66 82 31 57 9 71 1 75 25 59 30 18 20 58 14 87 11 88 10 68 89 43 60 46 76 45 29 32 4 19 51 44 39 55 81 53 72 64 34 21 23 26 15 40 47 38 70 54 74 80 22 50 78 63 24 36 85 79 5 52 12 8 73 37 3 49 27 61 35 77 2 48 28 84 69 42 7
3
67 78 148 127
39 70 21 158
47 58 176 54
90
14 3 51 88 6 75 44 31 24 36 69 71 89 32 83 28 49 21 41 4 55 45 80 64 67 9 43 87 20 68 8 22 46 40 42 17 84 76 7 11 25 58 77 30 38 35 72 26 66 73 85 52 63 13 12 18 59 19 61 34 54 70 1 82 62 60 15 50 81 65 53 16 57 5 48 27 33 56 2 90 78 39 37 10 29 47 23 74 79 86
1
74 90 169 115
9
6 8 1 4 9 5 3 2 7
2
4 2 187 94
7 3 137 13
6
3 2 6 5 4 1
2
1 5 189 52
6 3 78 120
67
36 33 38 16 50 63 64 17 26 37 35 59 18 14 3 57 32 41 39 47 21 15 1 12 55 43 54 67 25 65 52 58 66 51 22 53 61 8 27 24 9 11 60 42 30 62 31 28 5 46 23 45 40 4 56 10 6 29 2 7 44 19 48 13 34 20 49
3
63 5 127 9
10 48 81 124
63 42 145 125
29
7 1 11 15 4 6 21 29 24 10 13 22 25 9 2 23 18 5 19 26 8 27 20 3 12 16 14 17 28
5
7 4 120 151
1 29 41 109
21 29 110 142
4 16 89 75
23 1 194 14
44
18 27 24 14 17 15 1 13 8 19 41 11 10 23 28 6 20 44 25 7 5 37 3 40 30 39 22 35 9 38 2 34 32 43 42 4 26 21 16 36 33 29 31 12
3
35 42 113 190
27 15 31 157
41 8 5 48
4
3 1 4 2
4
1 1 191 122
1 4 136 54
4 3 114 1
3 3 4 182
60
24 32 39 29 4 46 17 36 21 47 6 56 13 40 58 49 7 25 15 9 45 44 20 2 16 23 42 60 12 54 30 5 53 19 57 28 50 18 22 33 27 10 3 34 14 55 41 38 8 1 48 26 37 35 52 31 11 51 43 59
3
27 27 39 165
39 15 111 20
21 24 113 37
61
52 61 34 60 29 57 10 44 28 33 16 54 2 12 55 43 56 26 50 39 8 19 27 58 51 5 59 40 35 36 45 31 9 25 38 47 7 13 46 3 21 49 4 15 20 24 18 41 14 30 11 48 22 53 37 23 42 6 1 17 32
1
36 37 31 23
41
3 28 35 34 36 8 25 24 7 12 6 13 14 21 32 27 1 30 37 26 19 40 18 31 23 17 16 20 38 11 10 15 29 5 4 33 2 9 39 22 41
3
22 24 24 126
30 25 39 127
8 2 71 73
22
14 13 2 10 6 16 15 17 7 20 18 8 9 1 3 11 22 4 19 21 5 12
5
22 2 68 54
20 6 1 49
16 16 46 4
3 1 36 11
13 4 100 190
80
39 3 22 20 27 25 59 24 47 12 78 34 36 66 2 33 50 4 42 52 63 73 18 71 10 51 23 61 45 43 31 80 44 1 8 49 26 74 30 7 64 46 38 13 15 62 9 57 14 40 16 79 48 65 5 75 70 58 72 32 60 11 19 54 28 55 37 68 41 6 29 17 77 56 76 35 21 67 53 69
1
23 31 165 52
18
17 1 15 4 2 10 12 6 14 16 13 11 9 5 7 8 3 18
4
5 14 64 124
15 2 149 154
11 14 168 37
8 17 47 57
15
14 8 13 10 15 5 7 6 2 1 4 3 11 9 12
5
4 3 112 170
6 15 57 168
12 14 93 15
6 3 186 13
14 5 26 51
16
6 14 15 8 1 3 9 4 7 10 13 12 5 16 11 2
2
5 6 161 140
10 13 200 93
12
8 6 4 1 10 9 5 3 11 12 2 7
2
9 7 191 97
4 1 107 146
33
20 6 17 32 8 14 15 3 13 23 4 31 1 25 30 10 18 27 28 21 2 16 29 24 22 7 9 26 11 12 5 33 19
1
5 20 30 193
10
8 1 3 7 6 10 2 4 9 5
5
2 4 175 141
3 1 154 67
1 2 72 32
5 9 7 142
5 9 53 51
77
57 41 11 70 36 4 13 56 9 20 31 64 8 50 27 38 52 3 77 49 2 67 23 42 16 24 66 10 69 29 25 5 21 1 35 61 59 43 34 54 76 39 17 28 40 46 73 63 44 32 47 74 53 60 48 19 7 18 68 75 6 33 55 14 51 12 65 45 62 26 71 72 22 37 58 30 15
3
28 1 1 132
42 76 43 88
11 66 83 72
60
27 35 49 18 24 52 1 21 19 3 56 30 34 4 47 8 28 37 10 42 29 6 11 44 20 25 2 55 50 22 46 9 13 41 32 5 31 17 53 36 39 48 54 57 60 45 26 12 7 58 23 40 14 16 33 51 59 15 38 43
2
20 28 75 133
56 18 186 183
35
34 15 20 6 1 31 32 10 22 14 17 30 28 26 27 33 8 35 13 7 16 18 11 5 21 29 2 24 12 9 3 25 4 23 19
1
32 33 106 24
65
9 12 56 29 37 7 52 26 18 49 30 40 41 55 17 61 16 6 35 38 24 5 63 19 44 58 51 54 65 42 62 45 59 21 50 48 13 2 22 53 3 47 23 14 4 27 1 11 25 60 57 46 8 34 36 15 39 43 64 20 28 33 32 10 31
4
17 13 14 98
35 12 193 143
53 20 75 85
27 41 192 61
10
4 10 5 2 3 8 1 9 7 6
3
7 3 24 16
10 3 64 66
4 2 132 5
73
32 1 18 43 29 23 3 39 27 57 56 58 6 36 68 12 5 46 53 19 16 41 10 67 33 48 60 4 21 30 42 47 52 13 9 22 66 37 71 28 31 69 64 50 72 62 7 45 65 40 17 25 54 63 11 59 73 55 49 26 20 70 8 61 14 35 2 15 51 24 34 44 38
4
39 6 89 185
32 23 122 158
17 42 74 156
48 20 159 70
